According to Gran , the company has no plans to move all production to Russia , although that is where the company is growing . 1
tensor([[1.1053e-02, 9.8882e-01, 1.2824e-04]], device='cuda:0',
       grad_fn=<SoftmaxBackward0>)
(tensor([[[[7.7955e-04, 2.6884e-01, 1.3512e-02,  ..., 5.2084e-03,
           8.6433e-05, 1.8477e-01],
          [4.1364e-01, 1.7981e-02, 1.6370e-02,  ..., 6.1245e-03,
           7.4326e-03, 1.5626e-02],
          [1.0307e-01, 4.7498e-02, 2.6752e-02,  ..., 2.9139e-02,
           4.9473e-02, 8.8586e-03],
          ...,
          [7.7283e-03, 1.5130e-02, 1.7845e-02,  ..., 2.6288e-02,
           9.5631e-02, 9.2742e-03],
          [1.0109e-03, 3.8535e-03, 4.4334e-03,  ..., 2.3823e-02,
           1.4945e-01, 5.8485e-03],
          [5.1217e-02, 5.5682e-05, 2.7425e-04,  ..., 5.4994e-04,
           1.6623e-01, 2.0608e-04]],

         [[2.1634e-02, 3.9935e-02, 4.2187e-02,  ..., 6.5189e-03,
           1.5655e-02, 1.5532e-02],
          [3.0085e-02, 7.8669e-02, 4.0453e-02,  ..., 8.7500e-04,
           2.6063e-03, 5.5450e-04],
          [6.1775e-02, 1.9788e-01, 3.0905e-02,  ..., 9.1511e-04,
           1.0460e-03, 1.7493e-04],
          ...,
          [2.3147e-05, 1.2245e-04, 3.3406e-05,  ..., 4.5038e-02,
           5.6959e-02, 1.6356e-01],
          [2.6647e-05, 3.2851e-04, 1.0998e-04,  ..., 5.6445e-02,
           7.9938e-02, 7.0145e-01],
          [1.0026e-06, 8.6958e-06, 7.5656e-07,  ..., 5.3245e-02,
           3.1836e-01, 5.5194e-01]],

         [[5.2573e-03, 5.1042e-03, 6.6125e-03,  ..., 2.0387e-02,
           2.4591e-02, 2.1222e-02],
          [7.0556e-02, 4.3223e-02, 4.1982e-02,  ..., 1.5189e-02,
           6.2639e-03, 2.1009e-02],
          [2.9346e-02, 4.8470e-02, 4.4786e-02,  ..., 2.8662e-02,
           1.3382e-02, 3.0266e-02],
          ...,
          [1.6665e-01, 8.4906e-03, 1.9810e-02,  ..., 8.1958e-02,
           7.6290e-02, 5.1609e-02],
          [4.0137e-02, 2.2730e-02, 4.9789e-02,  ..., 1.6877e-02,
           1.6132e-01, 1.0196e-01],
          [2.9652e-02, 1.2165e-02, 3.1211e-02,  ..., 4.8402e-02,
           3.8026e-02, 3.4033e-02]],

         ...,

         [[3.9968e-05, 6.0219e-05, 1.0112e-05,  ..., 1.2713e-05,
           5.2134e-04, 9.9436e-01],
          [2.0561e-02, 3.7801e-02, 1.7385e-02,  ..., 2.4877e-03,
           1.2162e-02, 6.6610e-03],
          [2.4234e-02, 2.3068e-02, 3.7832e-02,  ..., 1.0962e-02,
           1.5039e-02, 1.0716e-02],
          ...,
          [1.0644e-01, 3.0177e-02, 1.9638e-02,  ..., 8.2837e-02,
           9.7407e-03, 7.4909e-03],
          [9.7235e-04, 1.5237e-03, 1.5831e-03,  ..., 5.6594e-03,
           2.8071e-01, 2.8279e-02],
          [4.8629e-03, 4.2249e-03, 1.4350e-03,  ..., 9.7934e-03,
           1.0727e-01, 1.8067e-02]],

         [[3.8906e-02, 5.8648e-02, 2.1491e-01,  ..., 7.2456e-04,
           2.4851e-03, 6.3257e-03],
          [4.9343e-02, 5.1647e-02, 2.6974e-02,  ..., 1.0471e-02,
           2.2817e-02, 1.0592e-01],
          [6.4005e-02, 5.4615e-02, 7.0796e-02,  ..., 9.7352e-03,
           1.2010e-02, 1.2159e-01],
          ...,
          [1.3348e-02, 6.3758e-03, 7.6650e-03,  ..., 1.6125e-01,
           7.9687e-03, 9.7553e-03],
          [1.3938e-02, 2.2309e-02, 3.0794e-02,  ..., 1.5483e-02,
           1.3992e-01, 2.0866e-02],
          [2.8630e-02, 4.2288e-02, 3.8942e-02,  ..., 1.6883e-02,
           9.9411e-02, 3.4312e-02]],

         [[2.5307e-03, 1.3453e-01, 9.0250e-03,  ..., 7.6465e-02,
           5.7219e-03, 9.4528e-03],
          [8.7825e-02, 1.0314e-01, 5.6745e-02,  ..., 7.8964e-03,
           1.3891e-02, 3.4392e-02],
          [9.1209e-02, 8.4142e-02, 2.8798e-02,  ..., 6.3128e-03,
           1.3883e-02, 1.2780e-02],
          ...,
          [1.5375e-02, 2.5367e-02, 1.1256e-02,  ..., 2.8076e-02,
           1.3565e-02, 2.2332e-02],
          [1.4654e-02, 2.8399e-03, 4.8081e-03,  ..., 9.6200e-03,
           1.1693e-01, 1.0806e-01],
          [2.0950e-02, 9.9844e-03, 3.9911e-03,  ..., 8.2773e-03,
           4.3225e-02, 1.2884e-01]]]], device='cuda:0',
       grad_fn=<SoftmaxBackward0>), tensor([[[[6.4683e-01, 4.9568e-02, 8.6026e-03,  ..., 2.8486e-03,
           4.3888e-03, 5.2807e-02],
          [3.1187e-02, 6.8234e-02, 3.2335e-02,  ..., 1.2744e-02,
           3.1678e-02, 7.6981e-02],
          [1.5777e-01, 9.3272e-02, 1.9894e-02,  ..., 1.5027e-02,
           1.7846e-02, 1.5852e-02],
          ...,
          [8.6170e-02, 7.4628e-03, 1.4291e-02,  ..., 2.5084e-02,
           3.4036e-03, 3.2765e-02],
          [3.5147e-02, 9.8860e-02, 4.6646e-02,  ..., 1.3070e-02,
           7.6499e-02, 6.3707e-02],
          [2.2692e-01, 1.0124e-01, 5.3723e-02,  ..., 5.7015e-03,
           2.7643e-02, 1.8151e-02]],

         [[4.9168e-02, 2.5861e-02, 1.0558e-02,  ..., 1.0768e-02,
           5.0882e-02, 4.5294e-02],
          [2.8661e-02, 4.5577e-02, 4.4148e-02,  ..., 7.3047e-02,
           1.7814e-02, 2.0425e-02],
          [6.2010e-02, 3.6781e-02, 1.0411e-01,  ..., 5.7489e-03,
           2.3852e-02, 7.6075e-02],
          ...,
          [7.4786e-02, 7.5759e-02, 1.0012e-02,  ..., 4.7424e-02,
           3.3320e-02, 3.2370e-02],
          [3.2556e-02, 2.3055e-02, 1.1747e-02,  ..., 1.4718e-02,
           1.8925e-02, 1.9050e-02],
          [4.8599e-03, 7.1575e-02, 3.0574e-02,  ..., 4.8891e-02,
           1.4058e-02, 6.5272e-03]],

         [[3.0043e-02, 1.2971e-01, 2.3211e-02,  ..., 4.5470e-03,
           3.6287e-02, 3.8864e-02],
          [5.8573e-02, 7.0416e-02, 1.1744e-02,  ..., 8.4507e-03,
           1.1980e-02, 4.2864e-02],
          [7.5717e-02, 1.6553e-01, 5.7892e-02,  ..., 1.4939e-02,
           1.4505e-02, 2.4525e-02],
          ...,
          [2.9149e-03, 2.0818e-02, 1.2285e-02,  ..., 3.8037e-02,
           4.5125e-02, 5.3501e-02],
          [3.0820e-03, 1.7471e-02, 7.6481e-04,  ..., 9.3041e-03,
           1.4410e-01, 4.5244e-01],
          [1.1455e-01, 5.7900e-02, 1.3169e-02,  ..., 3.7688e-02,
           6.5583e-02, 7.8039e-02]],

         ...,

         [[8.4586e-01, 3.5094e-02, 1.5953e-03,  ..., 4.9551e-03,
           1.1745e-02, 1.9577e-02],
          [4.1292e-02, 1.2842e-01, 4.6370e-02,  ..., 1.2875e-02,
           2.6330e-02, 4.0357e-02],
          [2.1734e-01, 1.4170e-01, 8.7314e-03,  ..., 3.3330e-02,
           3.3118e-02, 9.7237e-02],
          ...,
          [3.3374e-02, 1.3995e-02, 2.1502e-02,  ..., 2.7329e-02,
           2.2494e-02, 2.7828e-02],
          [4.7235e-02, 3.9218e-02, 2.2284e-02,  ..., 3.3360e-02,
           6.9551e-02, 1.2346e-01],
          [1.0817e-01, 1.0715e-01, 2.0990e-02,  ..., 1.2977e-02,
           1.8064e-02, 5.3548e-02]],

         [[1.4842e-01, 3.5646e-02, 1.3481e-02,  ..., 1.0360e-02,
           3.6669e-02, 1.2601e-01],
          [5.0979e-03, 3.4780e-02, 4.1563e-02,  ..., 3.2536e-02,
           2.3775e-02, 1.9308e-01],
          [2.8653e-03, 1.5566e-02, 3.9993e-02,  ..., 1.4038e-01,
           2.9557e-02, 8.1869e-02],
          ...,
          [9.7059e-03, 2.8990e-02, 7.3503e-02,  ..., 6.4615e-02,
           3.8370e-02, 3.0177e-02],
          [1.2471e-02, 4.2209e-02, 4.2716e-02,  ..., 4.0408e-02,
           7.0736e-02, 2.8739e-02],
          [1.6619e-02, 3.8443e-02, 1.5862e-02,  ..., 4.4399e-02,
           7.7505e-02, 2.4142e-02]],

         [[1.8603e-02, 5.0960e-04, 1.0753e-04,  ..., 4.9684e-03,
           3.0009e-02, 1.0362e-01],
          [6.2841e-02, 4.6086e-03, 3.1531e-04,  ..., 1.5176e-03,
           7.3013e-02, 1.9333e-01],
          [1.1377e-02, 8.8916e-05, 6.3072e-01,  ..., 1.2084e-04,
           4.0611e-02, 5.5129e-02],
          ...,
          [5.0765e-02, 3.4656e-02, 1.4367e-03,  ..., 2.5442e-01,
           1.5324e-04, 6.1189e-04],
          [2.3699e-02, 5.3634e-03, 3.7506e-03,  ..., 2.3885e-05,
           6.0662e-05, 2.6073e-04],
          [6.1765e-02, 2.8482e-02, 1.6409e-02,  ..., 2.6750e-04,
           3.7526e-04, 9.0300e-04]]]], device='cuda:0',
       grad_fn=<SoftmaxBackward0>), tensor([[[[4.6462e-02, 1.3342e-01, 3.5660e-03,  ..., 4.7820e-02,
           5.9820e-02, 1.2728e-01],
          [8.7808e-02, 1.2989e-01, 7.9348e-03,  ..., 2.4270e-02,
           5.1888e-02, 1.0373e-01],
          [5.6219e-02, 1.8137e-01, 1.8211e-03,  ..., 2.3747e-02,
           9.3553e-02, 1.3408e-01],
          ...,
          [5.9885e-02, 3.3349e-02, 1.3793e-02,  ..., 1.8627e-02,
           2.5154e-02, 1.1000e-01],
          [2.5328e-02, 1.3510e-01, 1.0697e-02,  ..., 1.5762e-02,
           1.1799e-01, 5.8796e-02],
          [6.6224e-02, 1.3232e-01, 2.3785e-02,  ..., 2.0554e-02,
           3.9740e-02, 7.9167e-02]],

         [[8.9120e-02, 4.1048e-02, 1.3745e-01,  ..., 3.4539e-02,
           1.2942e-02, 3.8074e-02],
          [9.5422e-02, 8.3794e-02, 4.0635e-02,  ..., 5.4072e-03,
           5.8340e-02, 1.1117e-01],
          [5.2178e-02, 3.7970e-02, 1.1334e-03,  ..., 2.4958e-03,
           8.1023e-02, 1.6366e-01],
          ...,
          [1.3068e-02, 5.9653e-02, 1.5853e-03,  ..., 7.0436e-04,
           6.9855e-02, 6.9820e-02],
          [7.4259e-02, 6.3359e-02, 2.2190e-02,  ..., 2.1282e-02,
           5.8917e-02, 9.5776e-02],
          [5.8000e-02, 7.2295e-02, 5.8398e-03,  ..., 3.2272e-03,
           5.5205e-02, 1.4529e-01]],

         [[3.1625e-02, 6.3070e-02, 2.5332e-02,  ..., 4.3048e-02,
           1.3556e-02, 3.7912e-02],
          [2.9864e-02, 8.7475e-02, 1.4451e-01,  ..., 7.4548e-03,
           4.6381e-03, 1.4860e-02],
          [2.2213e-02, 3.8917e-02, 7.5158e-02,  ..., 2.3940e-02,
           5.0921e-03, 1.1692e-02],
          ...,
          [2.1086e-03, 7.1829e-04, 3.1062e-03,  ..., 2.3285e-01,
           7.4220e-03, 1.7055e-02],
          [1.3313e-02, 2.7384e-02, 1.9597e-02,  ..., 8.9137e-02,
           5.8486e-02, 1.0761e-01],
          [4.1701e-02, 5.0097e-02, 2.6231e-02,  ..., 8.5269e-02,
           5.6672e-02, 8.1530e-02]],

         ...,

         [[3.1063e-02, 7.7046e-02, 2.3205e-02,  ..., 1.4703e-02,
           1.0362e-01, 8.0786e-02],
          [5.8282e-02, 2.9331e-02, 4.3090e-03,  ..., 1.6281e-03,
           2.2110e-02, 7.7773e-01],
          [1.8320e-01, 9.4530e-03, 3.3926e-03,  ..., 6.1260e-02,
           1.8892e-02, 2.5519e-01],
          ...,
          [6.6091e-03, 1.9446e-03, 1.1619e-03,  ..., 3.8401e-02,
           2.8405e-03, 1.5001e-02],
          [4.0391e-02, 6.7218e-02, 1.5708e-02,  ..., 1.7660e-02,
           1.8599e-01, 2.5454e-02],
          [1.3303e-01, 1.2726e-01, 9.4239e-03,  ..., 1.3398e-02,
           1.1581e-01, 4.1391e-02]],

         [[1.3042e-01, 4.9754e-02, 8.9443e-03,  ..., 3.7272e-02,
           5.5177e-02, 3.9956e-02],
          [3.1550e-02, 8.7334e-02, 3.1279e-02,  ..., 1.1955e-02,
           3.7410e-02, 2.6470e-02],
          [1.6654e-01, 9.8410e-02, 9.1181e-03,  ..., 4.2299e-03,
           1.2802e-01, 3.2343e-02],
          ...,
          [2.8472e-01, 1.0072e-01, 5.8985e-03,  ..., 1.6681e-03,
           5.4565e-02, 5.1527e-02],
          [1.1942e-01, 8.6545e-02, 2.0171e-02,  ..., 6.3361e-03,
           5.8026e-02, 5.9748e-02],
          [2.4327e-01, 1.0882e-01, 5.5378e-03,  ..., 2.8187e-03,
           4.1316e-02, 4.5434e-02]],

         [[4.6177e-02, 2.2284e-02, 1.8632e-02,  ..., 1.9424e-02,
           3.0412e-02, 1.8862e-02],
          [1.3062e-01, 7.0233e-02, 7.1306e-02,  ..., 1.5749e-02,
           2.7176e-02, 1.8905e-02],
          [1.3260e-02, 8.4034e-02, 1.4486e-01,  ..., 2.0865e-02,
           1.0643e-02, 2.0155e-02],
          ...,
          [2.8918e-02, 1.3080e-02, 3.5658e-03,  ..., 6.5631e-03,
           1.0902e-01, 9.1294e-02],
          [3.2360e-02, 1.1594e-01, 1.2203e-02,  ..., 3.5362e-02,
           2.5260e-01, 1.7198e-01],
          [3.7929e-02, 1.3337e-01, 4.7048e-02,  ..., 2.1138e-02,
           1.0862e-01, 2.2096e-02]]]], device='cuda:0',
       grad_fn=<SoftmaxBackward0>), tensor([[[[1.3024e-01, 7.3928e-02, 1.6044e-01,  ..., 5.0026e-03,
           5.2679e-02, 1.2549e-01],
          [5.5129e-02, 1.3631e-01, 4.8300e-02,  ..., 1.0371e-02,
           6.4948e-02, 2.3188e-02],
          [3.2403e-01, 1.7346e-01, 6.6604e-03,  ..., 2.5259e-03,
           6.0287e-02, 2.0252e-02],
          ...,
          [2.4409e-02, 7.8193e-02, 7.6784e-03,  ..., 7.9765e-02,
           4.1734e-02, 2.9202e-02],
          [5.9983e-02, 1.4988e-01, 1.8406e-02,  ..., 1.3787e-02,
           1.0951e-01, 3.3155e-02],
          [1.8251e-01, 1.3222e-01, 2.5096e-02,  ..., 8.1610e-03,
           8.6922e-02, 4.0440e-02]],

         [[3.1283e-02, 9.5441e-02, 2.8298e-02,  ..., 1.8592e-02,
           2.1800e-02, 6.1364e-02],
          [4.2845e-02, 8.1525e-02, 1.2256e-02,  ..., 1.3079e-02,
           3.9590e-02, 7.3025e-02],
          [1.7487e-01, 3.6470e-02, 1.9794e-01,  ..., 2.9459e-03,
           3.6853e-02, 6.3775e-02],
          ...,
          [3.3729e-02, 2.9330e-02, 8.6019e-03,  ..., 3.6140e-02,
           3.8518e-02, 5.8849e-02],
          [4.2654e-02, 1.2181e-01, 4.2482e-03,  ..., 2.0756e-03,
           1.4286e-01, 6.1330e-02],
          [5.9583e-02, 1.0521e-01, 8.6245e-03,  ..., 3.8553e-03,
           8.3945e-02, 5.4933e-02]],

         [[8.8021e-02, 5.2973e-02, 7.3802e-02,  ..., 6.2799e-02,
           4.7397e-02, 2.0478e-02],
          [6.6838e-02, 9.0521e-02, 3.0644e-02,  ..., 2.9063e-02,
           1.0124e-01, 5.9533e-02],
          [1.1280e-01, 1.1239e-01, 9.7305e-02,  ..., 1.5240e-03,
           8.3261e-02, 1.8488e-01],
          ...,
          [1.4343e-01, 8.6277e-02, 2.9626e-03,  ..., 3.4983e-01,
           2.3415e-02, 1.1470e-01],
          [5.1286e-02, 1.3730e-01, 1.4221e-02,  ..., 1.7894e-02,
           1.2253e-01, 8.3262e-02],
          [5.8095e-02, 1.1291e-01, 4.4653e-02,  ..., 2.7779e-02,
           7.7914e-02, 5.9237e-02]],

         ...,

         [[1.1651e-02, 7.2314e-02, 3.3734e-02,  ..., 3.1288e-02,
           1.9571e-02, 3.7530e-02],
          [2.2802e-02, 7.1262e-02, 3.4566e-02,  ..., 3.8601e-02,
           6.7117e-02, 4.7022e-02],
          [3.5749e-02, 3.4755e-02, 1.6154e-02,  ..., 3.1379e-02,
           2.3207e-02, 5.3092e-02],
          ...,
          [1.3415e-02, 3.6765e-02, 3.3471e-03,  ..., 6.2823e-02,
           2.9582e-02, 2.0772e-02],
          [5.6646e-02, 1.0649e-01, 3.8604e-03,  ..., 4.7441e-02,
           1.6972e-01, 5.4239e-02],
          [1.7154e-02, 7.9546e-02, 2.4522e-02,  ..., 4.4556e-02,
           4.0552e-02, 2.4597e-02]],

         [[5.3171e-02, 1.6833e-01, 7.3298e-03,  ..., 7.1635e-03,
           3.7709e-02, 7.5975e-02],
          [5.4857e-02, 2.9000e-01, 2.8463e-02,  ..., 1.2731e-02,
           1.7778e-02, 1.6243e-02],
          [3.1838e-02, 3.5101e-01, 2.9664e-03,  ..., 1.7747e-03,
           2.7007e-02, 1.6031e-02],
          ...,
          [3.7704e-03, 3.8520e-03, 6.5054e-03,  ..., 9.2889e-02,
           5.6107e-03, 7.3654e-03],
          [6.7547e-02, 9.5086e-02, 2.1029e-03,  ..., 2.7495e-03,
           1.0211e-01, 4.1127e-02],
          [1.2003e-01, 2.0850e-01, 4.0658e-03,  ..., 2.7735e-03,
           7.3883e-02, 1.8712e-02]],

         [[3.4837e-02, 3.2238e-02, 6.9529e-02,  ..., 1.2202e-01,
           6.2529e-02, 2.9526e-02],
          [1.7392e-01, 1.9964e-01, 2.0024e-03,  ..., 1.2258e-03,
           3.0484e-02, 3.3948e-02],
          [2.1293e-01, 2.2041e-01, 5.3429e-05,  ..., 3.6528e-05,
           3.6422e-02, 2.3293e-02],
          ...,
          [2.3743e-01, 1.4659e-01, 2.0405e-04,  ..., 5.3284e-04,
           3.5032e-02, 9.0672e-02],
          [2.1082e-01, 6.4824e-02, 9.1081e-03,  ..., 1.3016e-02,
           2.2639e-01, 1.2892e-01],
          [4.1877e-02, 1.7139e-01, 7.0407e-03,  ..., 6.5722e-02,
           2.5884e-01, 2.3451e-02]]]], device='cuda:0',
       grad_fn=<SoftmaxBackward0>), tensor([[[[8.0684e-04, 1.9790e-02, 2.6629e-02,  ..., 4.5389e-01,
           1.4965e-02, 7.0568e-03],
          [1.9365e-03, 1.7791e-02, 7.2280e-02,  ..., 1.9677e-01,
           3.5613e-02, 8.9633e-03],
          [7.4999e-03, 3.3709e-02, 4.0020e-02,  ..., 6.1282e-02,
           4.3083e-03, 1.3543e-02],
          ...,
          [1.1930e-02, 8.7888e-02, 1.4848e-02,  ..., 1.5497e-01,
           1.6246e-02, 7.1656e-02],
          [4.1533e-02, 8.9556e-02, 1.7359e-02,  ..., 1.4748e-02,
           7.4759e-03, 1.5365e-01],
          [1.8554e-02, 6.8028e-02, 8.2931e-02,  ..., 5.4231e-02,
           1.3949e-02, 3.9903e-02]],

         [[5.8915e-02, 2.6657e-02, 2.8797e-02,  ..., 2.3794e-02,
           2.6356e-02, 9.0999e-02],
          [2.9131e-02, 3.1818e-02, 2.3147e-02,  ..., 4.3477e-02,
           3.2900e-02, 6.1661e-02],
          [5.8810e-02, 2.4975e-02, 3.8857e-03,  ..., 1.1353e-02,
           3.1989e-02, 6.1152e-02],
          ...,
          [1.0692e-02, 2.2583e-02, 8.9095e-03,  ..., 6.5956e-03,
           2.9413e-02, 5.4037e-03],
          [2.3364e-02, 3.0256e-02, 1.0056e-02,  ..., 3.9743e-02,
           6.4447e-02, 6.2119e-02],
          [4.7685e-02, 2.4341e-02, 4.6755e-02,  ..., 3.0651e-02,
           5.3014e-02, 7.4094e-02]],

         [[1.1234e-01, 8.3631e-02, 4.3676e-02,  ..., 1.8774e-02,
           4.7005e-02, 8.0858e-02],
          [2.2327e-01, 5.8106e-01, 2.0267e-02,  ..., 1.0455e-03,
           4.6455e-04, 1.0565e-02],
          [2.2765e-01, 4.5739e-01, 3.0477e-02,  ..., 6.5577e-04,
           4.2863e-04, 8.8215e-03],
          ...,
          [1.3129e-01, 1.9162e-02, 8.9029e-03,  ..., 2.1765e-02,
           6.0159e-02, 1.6082e-01],
          [2.1709e-02, 1.4640e-03, 5.0461e-04,  ..., 1.3045e-01,
           6.1701e-02, 9.4230e-02],
          [6.0543e-02, 7.4956e-03, 2.3297e-03,  ..., 9.5349e-02,
           2.4017e-01, 2.1342e-01]],

         ...,

         [[1.4114e-01, 6.4418e-02, 2.6674e-02,  ..., 2.3061e-02,
           5.9330e-02, 9.7450e-02],
          [1.0188e-01, 5.7524e-02, 3.6139e-02,  ..., 2.8416e-02,
           4.1330e-02, 8.8215e-02],
          [3.0612e-01, 5.6719e-02, 5.2428e-04,  ..., 6.3436e-04,
           3.9916e-02, 2.4496e-01],
          ...,
          [2.9181e-01, 7.9531e-02, 7.2144e-03,  ..., 2.6986e-03,
           1.2304e-01, 1.1817e-01],
          [1.3629e-01, 8.0493e-02, 1.7428e-02,  ..., 2.3069e-02,
           5.7290e-02, 1.3200e-01],
          [1.4354e-01, 6.0682e-02, 4.4717e-02,  ..., 1.7163e-02,
           5.7595e-02, 1.0382e-01]],

         [[5.5200e-01, 4.2733e-01, 4.9309e-04,  ..., 1.2817e-06,
           3.0379e-06, 1.9517e-04],
          [1.3735e-04, 1.7746e-03, 9.9807e-01,  ..., 1.7846e-09,
           5.2191e-12, 1.7531e-11],
          [3.0539e-03, 1.5618e-05, 2.0719e-03,  ..., 2.9010e-10,
           4.6658e-11, 3.8241e-07],
          ...,
          [1.3586e-07, 5.5180e-11, 2.5112e-08,  ..., 7.1034e-04,
           9.9906e-01, 1.6227e-04],
          [6.8521e-08, 2.1631e-17, 9.8240e-14,  ..., 1.7715e-07,
           4.3446e-04, 9.9956e-01],
          [1.6167e-02, 3.0405e-09, 2.3374e-12,  ..., 2.2763e-07,
           8.4813e-04, 9.8293e-01]],

         [[4.4235e-02, 3.4757e-01, 4.3655e-02,  ..., 8.6682e-03,
           2.1874e-02, 1.5191e-02],
          [4.1000e-02, 3.3215e-02, 6.7710e-02,  ..., 1.4224e-03,
           3.0476e-04, 3.1854e-03],
          [1.0708e-01, 4.9374e-02, 4.7507e-02,  ..., 3.5422e-04,
           5.5607e-05, 2.0184e-03],
          ...,
          [3.3101e-03, 1.0314e-04, 1.3130e-03,  ..., 6.8310e-02,
           4.1921e-01, 2.7894e-01],
          [1.2625e-02, 1.4760e-04, 9.7317e-05,  ..., 4.4208e-02,
           2.6405e-01, 6.4959e-01],
          [2.5100e-01, 5.7578e-02, 4.1674e-04,  ..., 2.8231e-02,
           2.9830e-01, 2.7481e-01]]]], device='cuda:0',
       grad_fn=<SoftmaxBackward0>), tensor([[[[4.4068e-02, 7.8201e-02, 1.9954e-02,  ..., 8.5297e-02,
           2.4900e-01, 6.6503e-02],
          [2.9980e-03, 4.9528e-02, 8.3366e-01,  ..., 7.6213e-05,
           1.9460e-05, 1.4122e-04],
          [6.7922e-02, 8.4926e-01, 1.7166e-02,  ..., 6.8583e-06,
           3.5569e-04, 4.0941e-03],
          ...,
          [2.3387e-01, 6.7351e-03, 1.3452e-03,  ..., 3.4535e-02,
           1.0753e-01, 9.5144e-02],
          [1.6065e-01, 4.8153e-04, 8.6790e-06,  ..., 1.2751e-02,
           5.4632e-01, 1.6543e-01],
          [1.3080e-01, 1.0008e-02, 2.9668e-04,  ..., 1.3730e-02,
           6.7675e-01, 1.2914e-01]],

         [[4.1247e-02, 6.5479e-02, 7.2084e-02,  ..., 1.2262e-02,
           3.0573e-02, 3.3470e-02],
          [4.9848e-02, 6.5898e-01, 8.7441e-02,  ..., 1.2453e-03,
           2.4266e-03, 2.1279e-02],
          [1.5405e-01, 7.2777e-01, 1.0371e-02,  ..., 7.5602e-04,
           1.6756e-03, 4.5882e-02],
          ...,
          [1.0009e-01, 1.6991e-02, 1.8276e-03,  ..., 5.9685e-03,
           1.4525e-02, 5.1985e-02],
          [9.3756e-02, 1.9259e-02, 6.2641e-03,  ..., 1.4438e-02,
           3.2695e-02, 8.4409e-02],
          [1.7018e-01, 4.6613e-02, 1.4658e-02,  ..., 1.1301e-02,
           6.0763e-02, 1.1712e-01]],

         [[3.9962e-02, 2.6339e-01, 5.1083e-02,  ..., 1.6121e-02,
           1.3761e-02, 1.5505e-02],
          [5.7735e-03, 8.0209e-03, 1.0722e-02,  ..., 6.6238e-03,
           3.4086e-03, 4.3505e-03],
          [2.9852e-01, 1.0138e-01, 7.8909e-03,  ..., 8.7142e-03,
           2.0690e-03, 2.7181e-02],
          ...,
          [2.2553e-01, 5.6398e-02, 2.4251e-03,  ..., 5.6144e-02,
           2.2304e-02, 7.0050e-02],
          [1.1718e-01, 6.6289e-02, 1.0859e-02,  ..., 5.4232e-02,
           6.7854e-02, 1.6056e-01],
          [2.2697e-01, 4.0577e-01, 1.7991e-02,  ..., 6.1019e-03,
           9.1307e-03, 2.8359e-02]],

         ...,

         [[8.1397e-02, 6.4025e-02, 1.3467e-02,  ..., 2.9037e-02,
           5.1172e-02, 8.7221e-02],
          [1.2431e-01, 5.6208e-02, 2.1377e-02,  ..., 1.1812e-02,
           7.1992e-02, 1.3083e-01],
          [2.6756e-01, 1.3543e-01, 5.4506e-04,  ..., 4.3764e-03,
           6.0460e-02, 2.7862e-01],
          ...,
          [1.9369e-01, 1.0318e-01, 5.5132e-03,  ..., 1.4416e-03,
           7.9943e-02, 1.4152e-01],
          [1.9166e-01, 1.0296e-01, 1.5643e-02,  ..., 1.6761e-02,
           5.3045e-02, 1.4287e-01],
          [1.3789e-01, 7.0199e-02, 9.0228e-03,  ..., 1.9636e-02,
           5.5255e-02, 1.2558e-01]],

         [[2.1978e-01, 8.9423e-02, 2.2111e-02,  ..., 2.8397e-02,
           8.3324e-02, 2.1298e-01],
          [6.4683e-02, 8.9250e-01, 2.3167e-02,  ..., 2.3287e-05,
           2.4840e-06, 4.2552e-04],
          [2.2251e-04, 9.5735e-01, 3.9388e-02,  ..., 8.2406e-06,
           1.2704e-06, 2.4290e-06],
          ...,
          [4.2581e-02, 2.9045e-04, 1.6652e-04,  ..., 8.0017e-02,
           2.5146e-02, 1.6655e-02],
          [7.1915e-01, 8.9031e-05, 3.4858e-05,  ..., 3.8595e-02,
           1.2516e-02, 2.2324e-01],
          [6.9302e-01, 1.0872e-03, 2.5664e-04,  ..., 6.3696e-03,
           2.8724e-02, 2.6391e-01]],

         [[9.6233e-02, 3.9305e-02, 1.1983e-02,  ..., 2.6903e-02,
           9.3430e-02, 2.0401e-01],
          [4.4889e-01, 1.6446e-01, 1.4335e-02,  ..., 3.2317e-04,
           2.3248e-02, 1.2784e-01],
          [1.3096e-01, 3.3323e-01, 8.4762e-02,  ..., 2.0740e-04,
           2.6149e-02, 4.9986e-02],
          ...,
          [4.6237e-01, 2.2021e-02, 3.1142e-04,  ..., 1.9784e-03,
           1.1462e-01, 1.6418e-01],
          [7.3872e-02, 4.6619e-02, 4.3814e-03,  ..., 2.0916e-02,
           3.1513e-01, 9.8624e-02],
          [1.1247e-01, 4.3314e-02, 1.9796e-02,  ..., 4.8049e-02,
           1.0976e-01, 1.6350e-01]]]], device='cuda:0',
       grad_fn=<SoftmaxBackward0>), tensor([[[[1.0165e-01, 7.4663e-03, 7.6809e-02,  ..., 1.1348e-02,
           8.2423e-03, 1.4286e-01],
          [6.2286e-02, 2.4287e-01, 1.0973e-01,  ..., 1.9721e-03,
           3.3241e-02, 4.5084e-02],
          [1.3683e-01, 4.7719e-01, 2.0096e-04,  ..., 1.9099e-03,
           1.1665e-02, 1.8090e-01],
          ...,
          [1.0014e-01, 5.2707e-02, 7.4193e-03,  ..., 1.4194e-02,
           4.2720e-02, 1.7491e-01],
          [7.7157e-02, 4.9680e-02, 1.9814e-02,  ..., 1.8862e-02,
           1.8461e-01, 1.8835e-01],
          [1.4055e-01, 9.6560e-03, 1.4794e-01,  ..., 4.0135e-03,
           9.1626e-03, 2.4631e-01]],

         [[9.2063e-01, 5.7064e-03, 1.5346e-03,  ..., 8.1513e-05,
           1.0207e-04, 5.9550e-02],
          [2.0111e-08, 8.0389e-07, 1.0000e+00,  ..., 3.7341e-15,
           3.7329e-14, 4.7807e-11],
          [1.6193e-08, 1.4829e-10, 3.6696e-05,  ..., 2.0853e-15,
           2.3782e-14, 1.2982e-09],
          ...,
          [1.1708e-05, 1.1861e-12, 7.0392e-11,  ..., 1.3914e-03,
           9.9838e-01, 5.5884e-07],
          [1.1185e-01, 3.6647e-10, 2.9861e-11,  ..., 1.8609e-06,
           8.7994e-05, 8.8805e-01],
          [6.4274e-01, 1.5955e-07, 3.9753e-08,  ..., 1.1329e-06,
           9.8938e-05, 3.5575e-01]],

         [[1.1201e-01, 4.3889e-02, 1.8015e-02,  ..., 1.7169e-02,
           2.1036e-01, 7.8856e-02],
          [1.2782e-04, 3.1677e-03, 9.9451e-01,  ..., 3.6375e-07,
           1.9654e-06, 1.7143e-05],
          [3.4568e-04, 1.4799e-04, 1.3845e-02,  ..., 2.5987e-07,
           5.4448e-06, 9.0223e-05],
          ...,
          [1.7160e-02, 1.7221e-04, 7.4458e-05,  ..., 9.3976e-01,
           7.8644e-03, 3.9500e-03],
          [2.5299e-01, 1.2068e-04, 2.5399e-05,  ..., 1.9244e-02,
           3.3245e-02, 6.7334e-01],
          [1.5736e-01, 2.7248e-02, 8.2861e-03,  ..., 4.9711e-02,
           5.2599e-02, 1.9326e-01]],

         ...,

         [[5.9120e-01, 3.5559e-02, 8.4232e-04,  ..., 1.0768e-04,
           1.1503e-01, 1.8197e-01],
          [9.8995e-01, 9.9888e-03, 6.1238e-08,  ..., 3.1919e-13,
           4.3662e-10, 5.6274e-05],
          [1.1613e-04, 9.9988e-01, 1.3017e-06,  ..., 8.0343e-16,
           1.1115e-14, 1.7561e-09],
          ...,
          [8.7493e-07, 1.6621e-11, 1.6428e-13,  ..., 2.7920e-05,
           2.7397e-08, 1.0398e-07],
          [1.0019e-04, 1.2393e-09, 1.1709e-10,  ..., 9.9921e-01,
           5.9276e-04, 5.9843e-05],
          [2.8223e-01, 2.1176e-04, 4.2487e-05,  ..., 4.9110e-05,
           4.8638e-02, 6.6707e-01]],

         [[1.6228e-01, 3.3723e-02, 1.1614e-02,  ..., 1.3925e-02,
           1.1814e-01, 9.6859e-02],
          [2.0039e-01, 7.7752e-02, 1.5543e-01,  ..., 2.2833e-04,
           2.1106e-03, 6.6831e-02],
          [9.8152e-02, 2.2511e-01, 8.7684e-02,  ..., 2.9103e-03,
           1.3407e-03, 3.8212e-02],
          ...,
          [1.6567e-02, 1.0271e-03, 1.7676e-04,  ..., 3.3350e-02,
           1.6394e-02, 2.1175e-02],
          [1.0710e-01, 4.0742e-03, 1.5499e-03,  ..., 1.6575e-02,
           2.5325e-01, 1.0149e-01],
          [1.6099e-01, 1.7740e-02, 1.4111e-02,  ..., 9.8250e-03,
           1.7747e-01, 1.1624e-01]],

         [[6.5791e-01, 1.5761e-04, 1.2642e-05,  ..., 1.2746e-06,
           3.1167e-03, 3.3870e-01],
          [1.7061e-08, 2.2714e-06, 1.0000e+00,  ..., 8.8292e-17,
           1.6903e-15, 1.1748e-11],
          [4.1431e-07, 9.5734e-10, 2.7747e-05,  ..., 1.9174e-15,
           3.0474e-15, 1.2911e-08],
          ...,
          [4.1824e-05, 1.3199e-11, 6.4093e-11,  ..., 6.8298e-04,
           9.9709e-01, 1.1467e-05],
          [3.9002e-02, 1.6534e-11, 2.9541e-13,  ..., 1.4090e-06,
           4.0434e-04, 9.6059e-01],
          [3.8530e-01, 2.3164e-06, 5.9532e-07,  ..., 5.4419e-05,
           3.5150e-03, 6.0716e-01]]]], device='cuda:0',
       grad_fn=<SoftmaxBackward0>), tensor([[[[6.3863e-02, 9.7113e-03, 1.5094e-02,  ..., 3.3275e-02,
           3.6964e-02, 5.5487e-02],
          [4.7652e-01, 8.8871e-03, 6.5534e-03,  ..., 5.4991e-03,
           1.0817e-02, 3.7430e-01],
          [5.9969e-01, 2.6759e-03, 7.9169e-04,  ..., 4.5716e-04,
           2.4501e-03, 3.7844e-01],
          ...,
          [1.8404e-02, 1.0409e-03, 6.2012e-04,  ..., 7.5837e-03,
           3.9483e-03, 1.6664e-02],
          [7.7906e-02, 6.4321e-03, 4.2394e-03,  ..., 3.6468e-03,
           3.6480e-02, 9.6152e-02],
          [1.5252e-01, 2.0573e-02, 2.9931e-02,  ..., 1.2292e-02,
           5.1534e-02, 1.3668e-01]],

         [[1.5347e-01, 4.1632e-02, 1.4298e-02,  ..., 1.3235e-03,
           6.9981e-02, 1.9261e-01],
          [3.1051e-01, 2.5249e-01, 1.0867e-02,  ..., 1.1846e-04,
           1.0006e-01, 1.6397e-01],
          [2.2172e-01, 1.1813e-01, 5.4867e-02,  ..., 6.2038e-04,
           9.1285e-02, 1.5896e-01],
          ...,
          [9.8410e-02, 2.2245e-02, 1.1800e-02,  ..., 2.0555e-02,
           4.2641e-02, 9.1651e-02],
          [1.5136e-01, 2.3568e-02, 5.2132e-03,  ..., 1.7462e-03,
           1.7520e-01, 1.5196e-01],
          [2.1896e-01, 3.7874e-02, 5.9628e-03,  ..., 7.5626e-04,
           5.5016e-02, 1.7029e-01]],

         [[8.6878e-02, 3.3932e-02, 1.9430e-02,  ..., 2.5229e-02,
           7.2005e-02, 4.4168e-02],
          [5.3718e-01, 9.9036e-02, 2.6182e-02,  ..., 9.7972e-04,
           4.2886e-02, 2.2506e-01],
          [5.4488e-01, 8.7784e-02, 9.2190e-03,  ..., 1.4541e-04,
           9.5797e-03, 2.1808e-01],
          ...,
          [2.7637e-03, 1.4801e-04, 2.2670e-04,  ..., 3.3374e-03,
           3.0251e-03, 4.0467e-03],
          [1.3566e-02, 3.0689e-03, 1.9622e-03,  ..., 2.0168e-02,
           1.1423e-02, 1.3024e-02],
          [8.1117e-02, 2.1410e-02, 1.2776e-02,  ..., 2.4083e-02,
           8.4538e-02, 5.6569e-02]],

         ...,

         [[3.7123e-01, 1.2375e-02, 1.3178e-03,  ..., 4.3192e-03,
           6.2140e-02, 1.9913e-01],
          [2.2822e-04, 4.3737e-04, 9.5077e-01,  ..., 4.0989e-06,
           6.3641e-06, 1.2275e-04],
          [1.1334e-01, 3.9304e-03, 4.9551e-02,  ..., 1.9960e-04,
           4.2023e-04, 5.8476e-02],
          ...,
          [6.1528e-01, 1.2288e-04, 7.6182e-05,  ..., 1.0477e-03,
           4.3386e-02, 3.3062e-01],
          [4.3289e-01, 1.2844e-03, 5.8807e-05,  ..., 1.7328e-03,
           4.7729e-02, 3.8662e-01],
          [4.6285e-01, 8.6673e-03, 1.1492e-03,  ..., 3.6659e-03,
           3.9946e-02, 2.6738e-01]],

         [[1.9683e-01, 2.4606e-02, 1.7290e-02,  ..., 8.8664e-03,
           1.3512e-01, 1.8221e-01],
          [4.7628e-01, 1.8455e-02, 7.0035e-03,  ..., 3.0087e-04,
           7.3250e-02, 2.7360e-01],
          [4.1372e-01, 2.2255e-02, 1.0715e-02,  ..., 5.4414e-04,
           7.4603e-02, 3.5410e-01],
          ...,
          [3.9107e-02, 1.0293e-03, 4.3418e-05,  ..., 2.1736e-02,
           4.5997e-02, 3.7902e-02],
          [2.6017e-01, 4.7083e-03, 7.1398e-04,  ..., 7.6995e-03,
           2.5156e-01, 3.0924e-01],
          [1.7784e-01, 2.0184e-02, 1.2363e-02,  ..., 8.2065e-03,
           1.2085e-01, 2.0228e-01]],

         [[1.7992e-02, 1.2739e-03, 3.2443e-03,  ..., 6.6972e-02,
           4.8564e-01, 1.3338e-02],
          [1.9729e-01, 3.8176e-02, 8.8482e-04,  ..., 1.5252e-05,
           2.3083e-02, 7.3252e-01],
          [2.7675e-02, 8.7442e-01, 4.7519e-02,  ..., 3.8820e-04,
           2.4451e-04, 4.8155e-02],
          ...,
          [6.4596e-04, 2.9654e-05, 2.0657e-05,  ..., 1.6862e-02,
           3.9047e-03, 9.1520e-04],
          [1.3455e-03, 2.9258e-04, 6.9667e-04,  ..., 8.3295e-01,
           3.0680e-02, 4.3852e-04],
          [1.7376e-02, 2.0698e-04, 5.7467e-04,  ..., 1.0132e-02,
           7.9918e-01, 1.7751e-02]]]], device='cuda:0',
       grad_fn=<SoftmaxBackward0>), tensor([[[[2.0410e-03, 2.1222e-02, 1.5356e-02,  ..., 1.6853e-03,
           1.8176e-03, 1.3699e-03],
          [8.2446e-05, 4.6284e-04, 1.4568e-02,  ..., 1.4105e-06,
           2.4499e-05, 5.7465e-05],
          [1.8506e-05, 1.5767e-04, 3.4164e-03,  ..., 2.8721e-05,
           4.1273e-05, 1.5647e-05],
          ...,
          [1.9145e-01, 1.0948e-02, 5.6737e-03,  ..., 9.0217e-02,
           3.6996e-02, 1.3654e-01],
          [3.9408e-01, 1.7371e-02, 2.7850e-03,  ..., 6.5970e-04,
           2.9181e-02, 4.8342e-01],
          [1.0305e-02, 7.3512e-02, 3.2021e-02,  ..., 1.1226e-03,
           4.7117e-03, 7.5145e-03]],

         [[5.4376e-03, 2.3355e-02, 1.7500e-02,  ..., 7.4550e-03,
           1.8741e-02, 6.4633e-03],
          [1.6289e-03, 1.3923e-02, 2.6514e-02,  ..., 1.4994e-03,
           7.2609e-03, 1.4088e-03],
          [1.0772e-02, 1.0143e-01, 1.3967e-01,  ..., 7.8885e-03,
           1.1120e-02, 7.6508e-03],
          ...,
          [8.4180e-02, 2.4382e-01, 1.1536e-01,  ..., 4.0329e-02,
           2.6369e-02, 6.9904e-02],
          [5.5507e-02, 1.0365e-01, 8.4784e-02,  ..., 1.9298e-02,
           6.2433e-02, 4.5420e-02],
          [5.0233e-03, 2.2615e-02, 1.7273e-02,  ..., 5.7780e-03,
           2.8182e-02, 5.5474e-03]],

         [[7.7114e-02, 2.7852e-03, 4.3476e-04,  ..., 1.4246e-02,
           9.2347e-02, 3.9207e-02],
          [4.0398e-01, 4.1920e-02, 7.7458e-04,  ..., 2.3380e-03,
           5.9970e-02, 3.0080e-01],
          [2.6626e-01, 4.0175e-01, 9.6548e-03,  ..., 5.0571e-04,
           1.5268e-02, 2.0314e-01],
          ...,
          [3.0573e-02, 2.6005e-04, 1.5110e-04,  ..., 1.5742e-02,
           1.7906e-02, 2.2187e-02],
          [4.9260e-01, 2.2684e-04, 1.0084e-04,  ..., 2.2510e-03,
           1.6418e-02, 4.1725e-01],
          [6.8645e-02, 1.1412e-03, 2.5580e-04,  ..., 1.0057e-02,
           6.1281e-02, 3.9799e-02]],

         ...,

         [[1.4051e-02, 1.0470e-01, 5.8354e-02,  ..., 4.2413e-03,
           7.4072e-03, 2.1904e-02],
          [1.6480e-03, 2.0350e-02, 1.0621e-01,  ..., 1.0952e-04,
           1.5714e-03, 2.2393e-03],
          [7.5902e-03, 8.1572e-03, 2.7989e-02,  ..., 6.9610e-04,
           3.5119e-03, 8.0696e-03],
          ...,
          [3.1818e-01, 1.2249e-02, 9.8701e-03,  ..., 7.1340e-02,
           5.6170e-02, 2.7874e-01],
          [2.3744e-01, 9.4249e-02, 2.0453e-02,  ..., 1.9676e-02,
           3.1650e-02, 3.2548e-01],
          [1.8259e-02, 7.6199e-02, 4.4786e-02,  ..., 3.6982e-03,
           1.4634e-02, 2.6934e-02]],

         [[9.3862e-02, 2.4121e-02, 1.0234e-02,  ..., 2.0663e-02,
           2.7764e-02, 6.8981e-02],
          [3.2456e-01, 9.6144e-02, 3.4315e-02,  ..., 3.6080e-03,
           1.1191e-02, 3.1482e-01],
          [3.0378e-01, 1.0628e-01, 3.7516e-02,  ..., 6.5197e-03,
           7.6189e-03, 2.4582e-01],
          ...,
          [9.4510e-04, 4.3716e-05, 4.2393e-05,  ..., 8.3512e-03,
           1.0456e-03, 6.7911e-04],
          [1.3989e-01, 7.9684e-03, 3.7933e-03,  ..., 8.3520e-02,
           5.2627e-02, 1.3336e-01],
          [9.8835e-02, 1.4674e-02, 7.2223e-03,  ..., 1.4693e-02,
           2.0346e-02, 8.2453e-02]],

         [[9.0088e-03, 3.3414e-02, 2.5377e-02,  ..., 5.8212e-03,
           3.3037e-03, 9.7075e-03],
          [1.1713e-02, 6.9860e-03, 6.3560e-03,  ..., 6.8057e-04,
           3.8074e-03, 1.2881e-02],
          [3.9616e-02, 1.7169e-02, 3.6352e-02,  ..., 1.1446e-03,
           2.0185e-03, 3.7726e-02],
          ...,
          [5.1735e-01, 3.3129e-02, 1.2844e-02,  ..., 1.2649e-02,
           1.9777e-02, 3.1063e-01],
          [3.7182e-01, 1.0090e-01, 3.8169e-02,  ..., 4.4771e-03,
           2.2582e-02, 3.1628e-01],
          [6.0855e-03, 3.6744e-02, 2.1547e-02,  ..., 7.3458e-03,
           3.6793e-03, 6.7321e-03]]]], device='cuda:0',
       grad_fn=<SoftmaxBackward0>), tensor([[[[1.4096e-03, 1.1879e-02, 2.2202e-03,  ..., 4.5578e-03,
           6.6527e-04, 1.0852e-03],
          [1.0071e-02, 3.1276e-02, 1.5881e-02,  ..., 2.5519e-03,
           7.7725e-03, 1.0061e-02],
          [1.2317e-02, 6.4161e-02, 4.9373e-02,  ..., 3.8356e-03,
           2.3972e-02, 1.4834e-02],
          ...,
          [6.9468e-03, 5.5407e-03, 1.0443e-03,  ..., 6.3279e-02,
           1.8739e-03, 5.0566e-03],
          [3.5586e-02, 1.9885e-02, 1.7596e-02,  ..., 3.3283e-02,
           3.1208e-01, 3.5067e-02],
          [1.3137e-03, 8.9049e-03, 1.6120e-03,  ..., 7.0809e-03,
           6.7327e-04, 1.2469e-03]],

         [[8.9496e-02, 2.1318e-02, 1.0239e-02,  ..., 1.8792e-02,
           3.5574e-02, 9.5171e-02],
          [1.0414e-01, 9.0302e-02, 6.8211e-02,  ..., 3.9370e-03,
           4.9232e-02, 1.2004e-01],
          [5.0412e-02, 6.9457e-02, 3.4299e-01,  ..., 1.2497e-03,
           2.7363e-02, 5.0250e-02],
          ...,
          [2.6800e-02, 5.8443e-04, 1.3664e-04,  ..., 5.9459e-01,
           3.9832e-03, 2.8115e-02],
          [5.6526e-03, 5.3429e-02, 1.2508e-01,  ..., 1.8379e-02,
           5.1458e-03, 5.1052e-03],
          [1.0113e-01, 1.8868e-02, 8.2988e-03,  ..., 1.3909e-02,
           3.2841e-02, 1.0931e-01]],

         [[2.0080e-04, 2.5576e-03, 1.5590e-03,  ..., 1.9181e-02,
           1.7392e-05, 1.0044e-04],
          [3.0048e-02, 8.6196e-02, 2.7713e-02,  ..., 8.5452e-03,
           8.1523e-03, 1.7135e-02],
          [4.7798e-02, 1.0541e-01, 3.3974e-02,  ..., 1.5261e-02,
           1.7444e-02, 3.1690e-02],
          ...,
          [3.6400e-03, 2.3861e-03, 3.1064e-04,  ..., 3.5777e-02,
           4.7458e-04, 2.1841e-03],
          [1.0046e-01, 1.7456e-02, 1.8132e-02,  ..., 8.9175e-03,
           8.4237e-02, 1.1005e-01],
          [2.6998e-04, 1.4282e-03, 8.5783e-04,  ..., 6.8365e-03,
           1.6553e-05, 1.4333e-04]],

         ...,

         [[6.6474e-03, 1.0140e-02, 2.6870e-02,  ..., 8.7052e-03,
           8.1413e-04, 3.0454e-03],
          [7.8208e-02, 9.5993e-02, 5.8684e-02,  ..., 2.1752e-02,
           8.0366e-02, 6.3772e-02],
          [6.6900e-02, 1.1617e-01, 1.6177e-01,  ..., 1.7176e-02,
           3.2016e-02, 5.2135e-02],
          ...,
          [2.0049e-02, 2.0784e-02, 1.6293e-01,  ..., 2.2597e-02,
           3.6935e-02, 1.2671e-02],
          [7.6970e-02, 2.9787e-02, 5.5941e-02,  ..., 3.6012e-03,
           9.5935e-02, 5.9748e-02],
          [1.0470e-02, 1.2151e-02, 4.1145e-02,  ..., 5.4152e-03,
           1.7511e-03, 3.9251e-03]],

         [[9.2963e-04, 4.3538e-03, 3.2524e-03,  ..., 1.2695e-02,
           7.5160e-04, 9.2673e-04],
          [9.3602e-04, 3.4359e-03, 2.7919e-03,  ..., 1.4807e-04,
           5.5300e-04, 7.8842e-04],
          [8.9425e-04, 7.4325e-03, 3.3941e-03,  ..., 4.4027e-04,
           1.1766e-03, 8.2740e-04],
          ...,
          [2.4172e-02, 6.7572e-03, 1.1375e-02,  ..., 1.5764e-01,
           2.0375e-02, 2.3592e-02],
          [8.1665e-02, 1.3948e-02, 8.8514e-03,  ..., 1.7674e-02,
           1.0299e-01, 9.0446e-02],
          [2.6746e-03, 8.9909e-03, 7.2077e-03,  ..., 1.2884e-02,
           2.8078e-03, 2.5542e-03]],

         [[2.1044e-03, 2.6670e-03, 1.4189e-03,  ..., 5.4682e-03,
           3.7167e-04, 1.8466e-03],
          [3.2236e-03, 1.5763e-02, 2.0550e-01,  ..., 9.8157e-04,
           2.8390e-03, 2.5562e-03],
          [3.1745e-03, 1.5201e-02, 1.1592e-01,  ..., 1.2158e-03,
           6.0434e-03, 3.7823e-03],
          ...,
          [3.2008e-02, 6.4204e-03, 1.8447e-03,  ..., 7.5779e-02,
           1.4161e-02, 2.5040e-02],
          [2.8902e-02, 8.6650e-03, 3.4220e-02,  ..., 5.0511e-02,
           2.2613e-01, 4.2109e-02],
          [4.2425e-03, 3.4888e-03, 2.0258e-03,  ..., 4.8060e-03,
           1.1739e-03, 3.9129e-03]]]], device='cuda:0',
       grad_fn=<SoftmaxBackward0>), tensor([[[[1.5876e-02, 6.7552e-03, 1.4862e-02,  ..., 5.4428e-02,
           6.5127e-04, 1.6740e-02],
          [6.8354e-02, 3.6796e-02, 2.1181e-02,  ..., 4.7481e-02,
           8.4762e-02, 6.4569e-02],
          [3.2430e-02, 3.7619e-02, 2.9041e-02,  ..., 5.6775e-02,
           4.6008e-02, 3.0490e-02],
          ...,
          [2.7536e-02, 3.3285e-03, 3.0764e-03,  ..., 7.7443e-02,
           6.3395e-02, 2.0000e-02],
          [4.4889e-02, 1.5224e-02, 2.5612e-02,  ..., 1.1852e-02,
           2.7643e-01, 5.3512e-02],
          [2.4866e-02, 6.7852e-03, 1.6820e-02,  ..., 5.0650e-02,
           8.5427e-04, 2.6038e-02]],

         [[3.6792e-02, 6.4622e-03, 9.8606e-03,  ..., 1.8749e-02,
           3.1345e-04, 5.6735e-02],
          [3.0395e-02, 2.1758e-02, 2.2921e-01,  ..., 6.2673e-03,
           1.7458e-01, 2.5375e-02],
          [5.6351e-02, 1.9806e-02, 1.2924e-01,  ..., 9.1513e-03,
           1.4176e-01, 5.5371e-02],
          ...,
          [8.7126e-02, 3.6026e-03, 9.3067e-03,  ..., 6.8245e-02,
           4.6866e-02, 9.3911e-02],
          [5.8538e-02, 3.9952e-02, 6.1837e-02,  ..., 2.8177e-02,
           4.8712e-02, 5.4305e-02],
          [6.0828e-02, 8.6663e-03, 1.5540e-02,  ..., 2.0930e-02,
           8.6686e-04, 8.5499e-02]],

         [[1.2364e-02, 2.9439e-03, 1.3544e-02,  ..., 6.5493e-03,
           3.8990e-03, 1.7398e-02],
          [8.4522e-02, 4.9735e-02, 8.2737e-02,  ..., 7.0447e-03,
           1.7196e-01, 1.0999e-01],
          [8.3232e-02, 6.2972e-02, 6.7423e-02,  ..., 3.4081e-03,
           1.2374e-01, 1.1004e-01],
          ...,
          [5.1723e-02, 3.5541e-03, 2.1681e-02,  ..., 1.5001e-03,
           1.0278e-01, 9.1745e-02],
          [1.5602e-02, 2.1942e-02, 4.0652e-02,  ..., 3.0919e-02,
           1.3503e-02, 1.6828e-02],
          [2.0704e-02, 3.4042e-03, 1.1603e-02,  ..., 5.4742e-03,
           4.4177e-03, 2.5835e-02]],

         ...,

         [[9.9432e-02, 8.7482e-03, 9.5859e-03,  ..., 6.1470e-03,
           1.5439e-02, 1.3283e-01],
          [1.0324e-01, 2.2058e-02, 4.0311e-03,  ..., 8.3087e-04,
           2.6637e-01, 9.6721e-02],
          [5.2967e-02, 3.9437e-01, 2.5976e-02,  ..., 2.1023e-03,
           6.3119e-02, 5.4044e-02],
          ...,
          [2.8314e-02, 4.5169e-04, 1.3476e-02,  ..., 2.8521e-02,
           3.5352e-01, 2.0594e-02],
          [1.6291e-02, 4.2364e-02, 3.4581e-02,  ..., 3.8830e-02,
           1.9776e-02, 1.7719e-02],
          [7.2630e-02, 5.2439e-03, 6.2430e-03,  ..., 8.1739e-03,
           1.6352e-02, 1.1473e-01]],

         [[3.4376e-02, 1.5507e-03, 5.7664e-03,  ..., 1.1183e-01,
           5.9464e-05, 4.6471e-02],
          [3.6068e-02, 1.3415e-02, 1.8075e-02,  ..., 1.9573e-02,
           2.0333e-01, 4.7645e-02],
          [1.0083e-01, 6.2474e-03, 1.8815e-02,  ..., 1.4401e-02,
           7.9184e-02, 1.3501e-01],
          ...,
          [2.9584e-01, 5.5680e-03, 6.6186e-03,  ..., 2.9963e-02,
           1.5941e-02, 3.1133e-01],
          [3.4979e-02, 4.7351e-02, 4.1206e-02,  ..., 8.5432e-03,
           1.8943e-01, 4.3234e-02],
          [4.1184e-02, 1.9959e-03, 7.7981e-03,  ..., 6.8043e-02,
           1.3742e-04, 5.2218e-02]],

         [[7.4857e-02, 1.3422e-03, 9.0850e-03,  ..., 2.3083e-02,
           5.6810e-02, 1.1183e-01],
          [1.5009e-01, 2.2969e-02, 8.7766e-02,  ..., 3.5685e-03,
           2.2105e-01, 2.6837e-01],
          [6.4054e-02, 9.9921e-05, 6.0168e-02,  ..., 8.3967e-03,
           2.9919e-01, 1.6582e-01],
          ...,
          [7.7493e-02, 1.1181e-06, 2.9225e-05,  ..., 4.2569e-01,
           2.7006e-01, 1.3964e-01],
          [9.6743e-02, 5.3922e-03, 2.1166e-02,  ..., 2.1434e-02,
           1.7189e-01, 1.0638e-01],
          [8.5045e-02, 8.2078e-04, 6.2219e-03,  ..., 1.7697e-02,
           6.5049e-02, 1.5208e-01]]]], device='cuda:0',
       grad_fn=<SoftmaxBackward0>), tensor([[[[2.8690e-01, 3.6338e-03, 2.2596e-03,  ..., 1.5343e-02,
           1.6140e-02, 4.3008e-01],
          [8.1648e-02, 7.4107e-02, 9.7986e-02,  ..., 6.9901e-04,
           1.2152e-01, 1.0480e-01],
          [1.8872e-02, 7.3723e-03, 6.3665e-02,  ..., 1.2430e-03,
           1.2385e-01, 2.4144e-02],
          ...,
          [5.6808e-02, 5.7651e-04, 2.6541e-03,  ..., 1.2984e-02,
           1.3838e-01, 5.1777e-02],
          [2.9901e-02, 1.2638e-02, 2.0510e-02,  ..., 1.0376e-01,
           4.3232e-02, 3.1148e-02],
          [2.6572e-01, 4.3887e-03, 4.5546e-03,  ..., 1.1646e-02,
           2.5719e-02, 4.0091e-01]],

         [[1.5502e-01, 1.5546e-02, 1.1930e-02,  ..., 3.6145e-02,
           8.0330e-03, 3.1907e-01],
          [6.3316e-02, 1.4735e-02, 1.2335e-02,  ..., 3.5646e-02,
           1.2199e-01, 9.2202e-02],
          [6.0372e-02, 4.0445e-02, 2.9893e-02,  ..., 4.9886e-02,
           6.9709e-02, 8.2336e-02],
          ...,
          [8.0884e-02, 2.4372e-02, 4.1068e-02,  ..., 2.6537e-02,
           9.0892e-02, 8.8903e-02],
          [2.5927e-02, 2.5430e-02, 2.6478e-02,  ..., 5.0082e-02,
           3.2820e-02, 2.2411e-02],
          [1.5729e-01, 1.0028e-02, 1.0294e-02,  ..., 2.7592e-02,
           9.5601e-03, 3.5058e-01]],

         [[1.9138e-01, 7.5008e-03, 2.0794e-03,  ..., 1.7304e-03,
           3.5531e-03, 5.1280e-01],
          [1.0077e-01, 1.0433e-02, 2.4141e-02,  ..., 5.1581e-03,
           2.5495e-02, 1.3973e-01],
          [1.3648e-01, 8.2007e-03, 1.8403e-02,  ..., 4.9595e-03,
           5.9638e-02, 1.8472e-01],
          ...,
          [2.4856e-02, 2.4514e-02, 3.7700e-02,  ..., 9.6600e-03,
           4.9142e-02, 3.1317e-02],
          [7.3813e-02, 2.7618e-02, 1.2931e-02,  ..., 4.3475e-02,
           1.0687e-02, 1.0214e-01],
          [1.9338e-01, 6.4720e-03, 2.1345e-03,  ..., 1.8320e-03,
           3.4893e-03, 4.7962e-01]],

         ...,

         [[2.2230e-01, 2.8216e-03, 5.8773e-03,  ..., 9.8341e-04,
           4.6592e-03, 7.0466e-01],
          [1.3675e-01, 1.4568e-02, 4.0906e-02,  ..., 1.0413e-03,
           1.1276e-01, 2.9018e-01],
          [8.3487e-02, 2.5182e-02, 6.1256e-02,  ..., 5.4200e-03,
           1.0879e-01, 1.4549e-01],
          ...,
          [1.3531e-02, 1.7817e-03, 4.4663e-03,  ..., 4.9547e-04,
           2.2213e-01, 2.9624e-02],
          [2.9403e-02, 2.0507e-02, 1.1326e-02,  ..., 2.6281e-02,
           3.8879e-02, 2.8418e-02],
          [2.2624e-01, 2.3530e-03, 3.6117e-03,  ..., 6.1098e-04,
           5.6169e-03, 7.0678e-01]],

         [[2.3246e-01, 1.5258e-02, 5.9467e-03,  ..., 7.2032e-03,
           4.0140e-03, 3.3640e-01],
          [2.8995e-02, 2.9213e-01, 3.7669e-01,  ..., 3.2091e-03,
           9.1630e-03, 4.3756e-02],
          [2.3637e-02, 3.3687e-02, 4.6272e-01,  ..., 6.5744e-03,
           2.1868e-02, 2.9262e-02],
          ...,
          [1.4122e-02, 2.4943e-03, 1.9940e-02,  ..., 6.9425e-03,
           8.7100e-02, 1.2200e-02],
          [1.5390e-02, 8.1275e-03, 1.0227e-02,  ..., 1.8967e-02,
           5.0126e-02, 1.6701e-02],
          [2.1807e-01, 1.7444e-02, 7.5912e-03,  ..., 8.2551e-03,
           4.0298e-03, 3.0997e-01]],

         [[1.4029e-01, 2.0472e-04, 9.9551e-04,  ..., 3.7645e-03,
           1.1130e-01, 2.1478e-01],
          [2.8016e-02, 3.0021e-02, 8.8545e-02,  ..., 2.2509e-03,
           1.5193e-01, 3.8944e-02],
          [8.8098e-04, 2.4002e-06, 4.5147e-03,  ..., 4.3771e-04,
           1.8287e-01, 1.4989e-03],
          ...,
          [7.2800e-03, 2.5915e-05, 3.1266e-05,  ..., 6.0051e-01,
           9.4610e-02, 8.6653e-03],
          [9.7124e-03, 2.2900e-03, 4.8702e-03,  ..., 5.1702e-02,
           2.8372e-02, 1.0290e-02],
          [1.3825e-01, 1.5482e-04, 9.6422e-04,  ..., 3.0251e-03,
           9.1386e-02, 2.6314e-01]]]], device='cuda:0',
       grad_fn=<SoftmaxBackward0>))
